[gnn_inference] Camera intrinsic:
[[427.45977783   0.         424.43331909]
 [  0.         427.07403564 246.92410278]
 [  0.           0.           1.        ]]
[gnn_inference] Camera extrinsic (w2c):
[[-0.00651439  0.99932604  0.03612512 -0.08345831]
 [-0.78932813 -0.02731824  0.61336353  0.15281548]
 [ 0.61393702 -0.02451888  0.78897412  0.55585475]
 [ 0.          0.          0.          1.        ]]
 [gnn_inference] Robot positions:
[[ 0.07153999  0.328112    0.01472313]
 [ 0.03393494  0.29827115 -0.02976502]
 [ 0.03393539  0.2982716   0.01622356]
 [ 0.07003932  0.32811168 -0.02976541]
 [ 0.03393557  0.32961208 -0.02826531]
 [ 0.03393599  0.3296125   0.01472326]
 [ 0.07003869  0.29677078 -0.02826515]
 [ 0.07003934  0.29677114  0.01472342]]
 

[v_from_d] Camera intrinsic:
[[427.45977783   0.         424.43331909]
 [  0.         427.07403564 246.92410278]
 [  0.           0.           1.        ]]
[v_from_d] Camera extrinsic (w2c):
[[-0.00651439  0.99932604  0.03612512 -0.08345831]
 [-0.78932813 -0.02731824  0.61336353  0.15281548]
 [ 0.61393702 -0.02451888  0.78897412  0.55585475]
 [ 0.          0.          0.          1.        ]]
 [v_from_d] Robot positions:
[[ 0.05493873  0.2982711  -0.02826494]
 [ 0.05643869  0.29677105 -0.02826495]
 [ 0.05493937  0.29827145  0.01472363]
 [ 0.05643934  0.2967714   0.01472362]
 [ 0.0564387   0.29827103 -0.02976496]
 [ 0.0564394   0.29827142  0.01622362]
 [ 0.05643931  0.32811195 -0.02976521]
 [ 0.05493934  0.328112   -0.02826519]
 [ 0.07003869  0.29677078 -0.02826515]
 [ 0.0700387   0.29827076 -0.02976516]
 [ 0.0700394   0.29827115  0.01622341]
 [ 0.07003934  0.29677114  0.01472342]
 [ 0.05493999  0.32811236  0.01472338]
 [ 0.05644001  0.32811233  0.01622337]
 [ 0.05643937  0.32961196 -0.02826522]
 [ 0.07153872  0.29827073 -0.02826519]
 [ 0.07153937  0.2982711   0.01472338]
 [ 0.07153933  0.32811165 -0.02826544]
 [ 0.07153999  0.328112    0.01472313]
 [ 0.07003937  0.3296117  -0.02826543]
 [ 0.07003932  0.32811168 -0.02976541]
 [ 0.05644002  0.3296123   0.01472335]
 [ 0.07004002  0.32961205  0.01472314]
 [ 0.07004001  0.32811207  0.01622316]
 [ 0.04753493  0.2967709  -0.02826514]
 [ 0.04903496  0.29827088 -0.02826517]
 [ 0.04753535  0.29677132  0.01472343]
 [ 0.04903538  0.29827127  0.01472341]
 [ 0.04753495  0.29827088 -0.02976515]
 [ 0.0475354   0.29827133  0.01622342]
 [ 0.03393494  0.29827115 -0.02976502]
 [ 0.03393493  0.29677117 -0.028265  ]
 [ 0.04903554  0.32811177 -0.02826545]
 [ 0.04753553  0.3281118  -0.02976543]
 [ 0.04753598  0.32811224  0.01622314]
 [ 0.04903596  0.32811219  0.01472312]
 [ 0.03393535  0.29677156  0.01472357]
 [ 0.03393539  0.2982716   0.01622356]
 [ 0.03243496  0.2982712  -0.028265  ]
 [ 0.04753557  0.3296118  -0.02826545]
 [ 0.04753599  0.32961223  0.01472312]
 [ 0.03243538  0.2982716   0.01472357]
 [ 0.03243554  0.3281121  -0.02826528]
 [ 0.03243596  0.3281125   0.01472329]
 [ 0.03393557  0.32961208 -0.02826531]
 [ 0.03393553  0.32811207 -0.0297653 ]
 [ 0.03393598  0.32811248  0.01622327]
 [ 0.03393599  0.3296125   0.01472326]]
